# beCloud
В данном репозитории содержится информация о базовых станциях компании beCloud.

## Статистика

### Глобально
&nbsp; | 800 МГц | 1800 МГц | 2600 МГц | &nbsp;
:--- | ---: | ---: | ---: | ---:
**Минская область** | 315 | 858 | 564 | 1737
**Брестская область** | 0 | 302 | 193 | 495
**Витебская область** | 0 | 273 | 190 | 463
**Гомельская область** | 378 | 305 | 118 | 801
**Гродненская область** | 0 |  230 | 166 | 396
**Могилевская область** | 250 | 213 | 118 | 581
&nbsp; | 943 |  2181 | 1349 | 4473

### МТС
&nbsp; | 800 МГц | 1800 МГц | 2600 МГц | &nbsp;
:--- | ---: | ---: | ---: | ---:
**Минская область** | 251 | 853 | 564 | 1668
**Брестская область** | 0 | 302 | 193 | 495
**Витебская область** | 0 | 273 | 190 | 463
**Гомельская область** | 277 | 305 | 118 | 700
**Гродненская область** | 0 |  230 | 166 | 396
**Могилевская область** | 118 | 213 | 118 | 449
&nbsp; | 646 |  2176 | 1349 | 4171

### A1
&nbsp; | 800 МГц | 1800 МГц | 2600 МГц | &nbsp;
:--- | ---: | ---: | ---: | ---:
**Минская область** | 315 | 814 | 0 | 1129
**Брестская область** | 0 | 301 | 0 | 301
**Витебская область** | 0 | 271 | 0 | 271
**Гомельская область** | 378 | 305 | 0 | 683
**Гродненская область** | 0 |  230 | 0 | 230
**Могилевская область** | 250 | 212 | 0 | 462
&nbsp; | 943 |  2133 | 0 | 3076

### Life:)
&nbsp; | 800 МГц | 1800 МГц | 2600 МГц | &nbsp;
:--- | ---: | ---: | ---: | ---:
**Минская область** | 315 | 858 | 394 | 1567
**Брестская область** | 0 | 302 | 47 | 349
**Витебская область** | 0 | 273 | 52 | 325
**Гомельская область** | 378 | 305 | 64 | 747
**Гродненская область** | 0 |  230 | 76 | 306
**Могилевская область** | 250 | 213 | 80 | 543
&nbsp; | 943 |  2181 | 713 | 3837


## Источник
Сайт компании [beCloud](https://becloud.by/customers/ob-lte-advanced).