# beCloud
В данном репозитории содержится информация о базовых станциях компании beCloud.

## Статистика

### Глобально
&nbsp; | 800 МГц | 1800 МГц | 2600 МГц | &nbsp;
:--- | ---: | ---: | ---: | ---:
**Минская область** | 326 | 956 | 607 | 1889
**Брестская область** | 0 | 315 | 226 | 541
**Витебская область** | 290 | 276 | 213 | 779
**Гомельская область** | 381 | 327 | 135 | 843
**Гродненская область** | 0 |  246 | 186 | 432
**Могилевская область** | 250 | 229 | 128 | 607
&nbsp; | 1247 |  2349 | 1495 | 5091

### МТС
&nbsp; | 800 МГц | 1800 МГц | 2600 МГц | &nbsp;
:--- | ---: | ---: | ---: | ---:
**Минская область** | 258 | 928 | 603 | 1789
**Брестская область** | 0 | 315 | 226 | 541
**Витебская область** | 174 | 276 | 213 | 663
**Гомельская область** | 282 | 315 | 135 | 732
**Гродненская область** | 0 |  245 | 186 | 431
**Могилевская область** | 148 | 225 | 128 | 501
&nbsp; | 862 |  2304 | 1491 | 4657

### A1
&nbsp; | 800 МГц | 1800 МГц | 2600 МГц | &nbsp;
:--- | ---: | ---: | ---: | ---:
**Минская область** | 325 | 910 | 0 | 1235
**Брестская область** | 0 | 310 | 0 | 310
**Витебская область** | 289 | 274 | 0 | 563
**Гомельская область** | 381 | 325 | 0 | 706
**Гродненская область** | 0 |  245 | 0 | 245
**Могилевская область** | 250 | 227 | 0 | 477
&nbsp; | 1245 |  2291 | 0 | 3536

### Life:)
&nbsp; | 800 МГц | 1800 МГц | 2600 МГц | &nbsp;
:--- | ---: | ---: | ---: | ---:
**Минская область** | 326 | 920 | 436 | 1682
**Брестская область** | 0 | 313 | 73 | 386
**Витебская область** | 290 | 273 | 77 | 640
**Гомельская область** | 381 | 325 | 78 | 784
**Гродненская область** | 0 |  243 | 96 | 339
**Могилевская область** | 250 | 229 | 94 | 573
&nbsp; | 1247 |  2303 | 854 | 4404


## Источник
Сайт компании [beCloud](https://becloud.by/customers/ob-lte-advanced).