# beCloud
В данном репозитории содержится информация о базовых станциях компании beCloud.

## Статистика

### Глобально
&nbsp; | 800 МГц | 1800 МГц | 2600 МГц | &nbsp;
:--- | ---: | ---: | ---: | ---:
**Минская область** | 315 | 856 | 564 | 1735
**Брестская область** | 0 | 302 | 194 | 496
**Витебская область** | 0 | 272 | 190 | 462
**Гомельская область** | 378 | 305 | 121 | 804
**Гродненская область** | 0 |  230 | 166 | 396
**Могилевская область** | 250 | 213 | 118 | 581
&nbsp; | 943 |  2178 | 1353 | 4474

### МТС
&nbsp; | 800 МГц | 1800 МГц | 2600 МГц | &nbsp;
:--- | ---: | ---: | ---: | ---:
**Минская область** | 251 | 851 | 564 | 1666
**Брестская область** | 0 | 302 | 194 | 496
**Витебская область** | 0 | 272 | 190 | 462
**Гомельская область** | 277 | 305 | 121 | 703
**Гродненская область** | 0 |  230 | 166 | 396
**Могилевская область** | 118 | 213 | 118 | 449
&nbsp; | 646 |  2173 | 1353 | 4172

### A1
&nbsp; | 800 МГц | 1800 МГц | 2600 МГц | &nbsp;
:--- | ---: | ---: | ---: | ---:
**Минская область** | 315 | 813 | 1 | 1129
**Брестская область** | 0 | 302 | 0 | 302
**Витебская область** | 0 | 270 | 0 | 270
**Гомельская область** | 378 | 305 | 0 | 683
**Гродненская область** | 0 |  230 | 0 | 230
**Могилевская область** | 250 | 213 | 0 | 463
&nbsp; | 943 |  2133 | 1 | 3077

### Life:)
&nbsp; | 800 МГц | 1800 МГц | 2600 МГц | &nbsp;
:--- | ---: | ---: | ---: | ---:
**Минская область** | 315 | 856 | 390 | 1561
**Брестская область** | 0 | 302 | 43 | 345
**Витебская область** | 0 | 272 | 49 | 321
**Гомельская область** | 378 | 305 | 61 | 744
**Гродненская область** | 0 |  230 | 68 | 298
**Могилевская область** | 250 | 213 | 78 | 541
&nbsp; | 943 |  2178 | 689 | 3810


## Источник
Сайт компании [beCloud](https://becloud.by/customers/ob-lte-advanced).