# beCloud
В данном репозитории содержится информация о базовых станциях компании beCloud.

## Статистика

### Глобально
&nbsp; | 800 МГц | 1800 МГц | 2600 МГц | &nbsp;
:--- | ---: | ---: | ---: | ---:
**Минская область** | 349 | 996 | 608 | 1953
**Брестская область** | 257 | 316 | 227 | 800
**Витебская область** | 295 | 278 | 213 | 786
**Гомельская область** | 383 | 329 | 135 | 847
**Гродненская область** | 0 |  246 | 186 | 432
**Могилевская область** | 250 | 229 | 128 | 607
&nbsp; | 1534 |  2394 | 1497 | 5425

### МТС
&nbsp; | 800 МГц | 1800 МГц | 2600 МГц | &nbsp;
:--- | ---: | ---: | ---: | ---:
**Минская область** | 275 | 951 | 608 | 1834
**Брестская область** | 138 | 316 | 227 | 681
**Витебская область** | 207 | 278 | 213 | 698
**Гомельская область** | 355 | 329 | 135 | 819
**Гродненская область** | 0 |  246 | 186 | 432
**Могилевская область** | 166 | 229 | 128 | 523
&nbsp; | 1141 |  2349 | 1497 | 4987

### A1
&nbsp; | 800 МГц | 1800 МГц | 2600 МГц | &nbsp;
:--- | ---: | ---: | ---: | ---:
**Минская область** | 349 | 952 | 1 | 1302
**Брестская область** | 257 | 312 | 0 | 569
**Витебская область** | 295 | 276 | 0 | 571
**Гомельская область** | 383 | 327 | 0 | 710
**Гродненская область** | 0 |  245 | 0 | 245
**Могилевская область** | 250 | 227 | 0 | 477
&nbsp; | 1534 |  2339 | 1 | 3874

### Life:)
&nbsp; | 800 МГц | 1800 МГц | 2600 МГц | &nbsp;
:--- | ---: | ---: | ---: | ---:
**Минская область** | 349 | 994 | 458 | 1801
**Брестская область** | 257 | 316 | 76 | 649
**Витебская область** | 295 | 278 | 96 | 669
**Гомельская область** | 383 | 327 | 85 | 795
**Гродненская область** | 0 |  246 | 107 | 353
**Могилевская область** | 250 | 229 | 95 | 574
&nbsp; | 1534 |  2390 | 917 | 4841


## Источник
Сайт компании [beCloud](https://becloud.by/customers/ob-lte-advanced).