# beCloud
В данном репозитории содержится информация о базовых станциях компании beCloud.

## Статистика

### Глобально
&nbsp; | 800 МГц | 1800 МГц | 2600 МГц | &nbsp;
:--- | ---: | ---: | ---: | ---:
**Минская область** | 315 | 857 | 563 | 1735
**Брестская область** | 0 | 302 | 193 | 495
**Витебская область** | 0 | 273 | 190 | 463
**Гомельская область** | 378 | 305 | 118 | 801
**Гродненская область** | 0 |  230 | 166 | 396
**Могилевская область** | 250 | 213 | 118 | 581
&nbsp; | 943 |  2180 | 1348 | 4471

### МТС
&nbsp; | 800 МГц | 1800 МГц | 2600 МГц | &nbsp;
:--- | ---: | ---: | ---: | ---:
**Минская область** | 251 | 852 | 563 | 1666
**Брестская область** | 0 | 302 | 193 | 495
**Витебская область** | 0 | 273 | 190 | 463
**Гомельская область** | 277 | 305 | 118 | 700
**Гродненская область** | 0 |  230 | 166 | 396
**Могилевская область** | 118 | 213 | 118 | 449
&nbsp; | 646 |  2175 | 1348 | 4169

### A1
&nbsp; | 800 МГц | 1800 МГц | 2600 МГц | &nbsp;
:--- | ---: | ---: | ---: | ---:
**Минская область** | 315 | 813 | 0 | 1128
**Брестская область** | 0 | 301 | 0 | 301
**Витебская область** | 0 | 271 | 0 | 271
**Гомельская область** | 378 | 305 | 0 | 683
**Гродненская область** | 0 |  230 | 0 | 230
**Могилевская область** | 250 | 212 | 0 | 462
&nbsp; | 943 |  2132 | 0 | 3075

### Life:)
&nbsp; | 800 МГц | 1800 МГц | 2600 МГц | &nbsp;
:--- | ---: | ---: | ---: | ---:
**Минская область** | 315 | 857 | 394 | 1566
**Брестская область** | 0 | 302 | 47 | 349
**Витебская область** | 0 | 273 | 52 | 325
**Гомельская область** | 378 | 305 | 64 | 747
**Гродненская область** | 0 |  230 | 76 | 306
**Могилевская область** | 250 | 213 | 80 | 543
&nbsp; | 943 |  2180 | 713 | 3836


## Источник
Сайт компании [beCloud](https://becloud.by/customers/ob-lte-advanced).