# beCloud
В данном репозитории содержится информация о базовых станциях компании beCloud.

## Статистика

### Глобально
&nbsp; | 800 МГц | 1800 МГц | 2600 МГц | &nbsp;
:--- | ---: | ---: | ---: | ---:
**Минская область** | 319 | 909 | 566 | 1794
**Брестская область** | 0 | 307 | 198 | 505
**Витебская область** | 277 | 273 | 189 | 739
**Гомельская область** | 381 | 313 | 121 | 815
**Гродненская область** | 0 |  237 | 166 | 403
**Могилевская область** | 251 | 229 | 118 | 598
&nbsp; | 1228 |  2268 | 1358 | 4854

### МТС
&nbsp; | 800 МГц | 1800 МГц | 2600 МГц | &nbsp;
:--- | ---: | ---: | ---: | ---:
**Минская область** | 252 | 904 | 566 | 1722
**Брестская область** | 0 | 307 | 198 | 505
**Витебская область** | 166 | 273 | 189 | 628
**Гомельская область** | 279 | 312 | 121 | 712
**Гродненская область** | 0 |  237 | 166 | 403
**Могилевская область** | 149 | 225 | 118 | 492
&nbsp; | 846 |  2258 | 1358 | 4462

### A1
&nbsp; | 800 МГц | 1800 МГц | 2600 МГц | &nbsp;
:--- | ---: | ---: | ---: | ---:
**Минская область** | 319 | 836 | 1 | 1156
**Брестская область** | 0 | 302 | 0 | 302
**Витебская область** | 277 | 270 | 0 | 547
**Гомельская область** | 381 | 307 | 0 | 688
**Гродненская область** | 0 |  231 | 0 | 231
**Могилевская область** | 251 | 219 | 0 | 470
&nbsp; | 1228 |  2165 | 1 | 3394

### Life:)
&nbsp; | 800 МГц | 1800 МГц | 2600 МГц | &nbsp;
:--- | ---: | ---: | ---: | ---:
**Минская область** | 319 | 909 | 3 | 1231
**Брестская область** | 0 | 307 | 43 | 350
**Витебская область** | 277 | 273 | 55 | 605
**Гомельская область** | 381 | 313 | 0 | 694
**Гродненская область** | 0 |  237 | 0 | 237
**Могилевская область** | 251 | 229 | 0 | 480
&nbsp; | 1228 |  2268 | 101 | 3597


## Источник
Сайт компании [beCloud](https://becloud.by/customers/ob-lte-advanced).